331.727
356.993
2401.13
166.092
33.532
894.901
2974.33
1702.86
165.975
3025.83
298.343
1139.08
1543.61
2032.81
126.968
135.93
965.265
941.128
134.426
252.205
630.542
2972.49
35.3367
25.1728
1201.17
114.816
1144.81
1307.78
55.1834
1539.71
106.532
850.985
246.607
134.751
44.751
30.2774
133.439
33.269
220.243
184.484
867.142
135.368
1108.31
1260.19
469.783
212.295
586.696
332.988
454.302
165.758
38.2666
165.581
67.612
33.4158
1546.25
141.914
122.3
93.8336
37.6835
586.853
166.256
133.177
1002.23
130.216
165.308
70.1601
1086.69
1863.43
340.791
2950.11
1390.61
50.5803
106.081
98.9017
226.907
166.022
45.0078
205.579
1933.41
115.991
766.956
84.5139
1727.48
721.61
380.75
377.299
2514.72
144.518
165.9
2295.59
48.0947
33.3968
165.926
205.923
483.568
352.806
111.096
502.019
34.2292
1083.2
183.878
12.9091
1076.29
495.942
975.881
838.799
2314.02
13.2766
40.8569
262.639
1191.82
165.63
166.028
95.1427
462.542
1193.6
2713.38
165.994
1332.17
133.472
110.072
291.581
165.665
113.295
33.2863
169.337
52.024
2790.19
33.4237
165.592
2678.89
915.751
33.0392
804.268
605.703
166.052
370.089
2069.99
857.507
963.292
82.9921
822.677
73.7851
146.086
1094.11
153.125
89.2557
1233.55
626.672
25.7831
2548.55
1670.23
363.803
79.1484
166.002
65.4219
170.019
1536.81
168.68
2355.9
53.3263
166.18
995.197
1535.13
3263.76
98.4407
165.886
2734.27
1225.77
114.485
1444.57
232.22
1728.4
578.958
589.146
1024.45
157.16
165.693
115.179
134.611
199.116
1219.19
166.1
1530.05
1111.36
292.43
451.553
107.277
1209.16
82.5331
445.735
255.482
209.757
67.4709
252.047
65.1255
1427.6
785.24
354.754
204.441
64.507
91.6627
124.181
331.829
157.14
176.587
101.176
2121.01
33.5298
1074.22
128.514
315.245
1898.45
87.8333
892.332
18.333
200.643
488.212
28.04
226.08
8.72482
261.796
521.662
684.685
231.489
147.694
425.858
32.7665
120.501
123.528
455.979
59.7715
744.613
166.722
55.2618
2357.32
589.054
293.362
2705.6
1635.98
2934.9
2436.63
40.9613
32.9816
1109.7
705.995
39.0735
166.36
1935.27
367.855
44.1034
18.1997
713.801
155.603
90.1017
1254.36
54.184
187.549
1470.75
926.03
32.9243
462.796
146.692
722.542
89.4228
166.251
112.149
41.6647
175.067
153.128
763.13
1448.47
581.43
165.857
1604.39
882.635
1284.75
419.369
33.3396
498.165
606.286
212.715
70.5788
485.005
135.376
1281.99
70.9798
165.351
854.387
351.565
2469.63
535.116
166.193
330.731
189.551
263.589
346.724
96.2748
165.372
63.8736
150.616
215.817
2209.01
1344.99
976.312
920.629
38.0797
849.037
167.545
36.0285
1205.53
248.943
135.18
133.192
854.035
1345.9
430.34
229.24
1341.58
43.5269
978.71
1216.97
126.77
1590.63
2738.92
165.953
84.7213
124.86
116.208
154.597
962.353
203.036
31.6115
3093.87
423.563
43.2699
126.978
1130.3
793.139
829.663
647.909
314.78
651.465
744.392
276.658
165.545
45.0722
754.778
168.662
118.171
414.328
997.489
182.128
1321.32
15.4654
1475.54
146.777
1263.65
165.818
1285.03
1081.16
1988.28
248.237
283.099
130.768
48.9424
48.7845
2403.03
2000.04
267.906
82.9816
468.862
294.971
166.108
90.2234
146.707
969.589
606.747
166.042
292.023
720.531
125.814
66.8322
158.884
760.033
166.257
289.659
1067.78
40.2494
500.657
181.464
1997.11
37.5841
32.1091
159.831
165.474
1279.32
6.617
184.183
32.9056
143.975
1315.4
542.381
1927.69
118.565
464.285
2482.52
139.386
63.2402
866.183
166.125
2512.26
1341.45
38.7976
274.115
165.694
133.664
1250.46
151.785
1101.41
190.67
843.166
2885.09
111.157
146.118
453.692
2878.03
883.428
322.726
174.756
185.34
116.346
988.159
122.43
92.6802
107.777
628.544
153.666
38.757
250.399
805.504
802.365
1247.47
528.911
143.505
2029.01
280.366
1427.11
273.463
148.952
1527.61
265.589
2840.86
552.582
85.3851
190.525
573.04
778.298
2221.98
33.4844
165.941
81.7293
93.3103
576.987
140.469
471.448
442.624
165.854
166.134
57.8384
170.906
26.2986
78.0048
459.731
775.97
96.0342
473.774
94.0624
935.068
794.887
363.897
57.0766
79.1121
34.7887
235.196
405.684
166.225
183.183
278.659
264.344
1609.82
236.412
51.5772
144.665
1761.53
666.214
92.1603
1557.05
33.5712
165.216
855.433
2300.49
97.1971
165.676
59.7302
458.095
33.4414
1218.79
430.292
78.6242
37.639
166.013
423.917
275.973
700.908
644.985
298.787
357.221
32.4169
1386.12
94.909
254.876
165.813
95.7774
1283.67
2718.32
845.136
111.592
27.9709
839.136
166.757
31.5804
612.285
1037.25
609.294
124.905
32.9548
1606.1
166.191
336.301
239.074
935.775
1892.86
1597.63
33.4144
858.32
404.714
1852.16
179.884
200.484
112.148
376.141
2459.24
10.5849
66.9093
82.0354
136.574
722.644
151.924
230.943
7.63694
1155.48
651.865
206.898
166.158
2530.08
166.004
1640.49
110.151
356.656
96.025
595.204
259.715
58.5209
300.677
38.9594
69.4373
1975.02
285.728
911.538
37.7065
126.98
67.9561
166.861
139.651
480.715
1053.34
249.546
165.686
19.1344
165.328
165.674
455.219
43.8642
166.184
32.9679
240.919
1215.61
562.431
233.987
39.2594
932.774
339.384
156.509
1894.5
165.687
111.574
277.955
1680.34
314.292
127.126
20.8693
2531.18
139.26
78.2746
1231.86
293.555
440.423
166.241
1053.78
167.933
160.243
166.235
986.087
1491.72
1514.24
165.174
285.331
165.016
1252.73
109.937
2782.59
48.4765
288.745
996.897
166.066
1744.3
1141.66
3019.02
850.495
921.252
32.7866
153.716
575.93
1281.9
70.9925
741.727
793.656
555.917
975.155
2533.21
2440.54
445.397
291.405
1179.36
289.541
165.819
380.287
1110.87
1929.33
45.6942
122.004
89.0335
262.984
687.228
1128.64
1216.84
7.47785
1483.58
30.36
773.88
284.143
2202.48
282.411
195.98
317.384
842.818
1108.71
922.921
469.968
409.19
160.553
485.981
667.483
1324.33
33.532
538.299
39.1903
31.3632
165.431
61.4937
165.837
171.642
33.6503
1053.92
942.992
630.683
562.862
111.932
1288.49
102.308
286.704
251.023
39.9828
2470.94
179.42
66.57
2.95204
908.163
526.999
94.7675
309.386
58.252
1378.18
161.102
101.776
131.225
1642.95
13.9917
133.893
166.13
65.1653
483.203
112.599
143.829
77.8539
138.224
165.859
165.61
441.812
468.65
1381.76
621.133
33.5303
577.054
63.8099
130.3
1155.22
1778.91
907.297
135.622
606.809
218.098
165.883
541.765
103.443
661.272
166.295
625.464
566.608
98.3674
201.882
73.9768
165.455
166.146
347.496
165.866
1214.76
376.057
1002.16
885.074
39.033
540.315
162.683
1840.2
1328.65
147.934
165.808
461.4
522.984
1716.53
33.1081
174.497
165.787
1692.54
276.389
1909.72
566.128
995.899
211.411
980.643
1353.86
114.291
1476.73
888.417
151.709
213.778
165.53
293.5
810.515
75.0415
32.5653
130.249
33.52
76.8803
307.038
883.949
140.159
1685.89
2289.02
171.367
142.146
1196.83
153.246
798.197
123.737
54.5093
181.301
55.3879
33.1744
37.0087
670.354
1059.59
252.766
338.007
88.4138
166.268
1289.12
1412.27
129.625
182.383
429.96
60.8353
388.537
2994.3
985.4
346.027
1277.29
406.149
165.504
425.696
157.024
829.942
1775.23
652.849
1454.72
153.025
2011.35
852.481
1265.32
371.614
58.0964
672.022
154.149
431.223
181.03
113.006
33.5652
73.9596
90.4926
137.359
363.965
2397.51
132.216
135.65
517.389
1243.47
46.1458
252.781
1061.03
681.856
2920.9
599.634
92.9095
143.197
166.337
826.497
1820.45
1871.61
123.032
502.597
16.1861
296.964
24.6236
2059.58
321.756
45.4704
48.6837
410.268
1683.75
689.177
2116.2
2570.08
391.734
33.6877
165.571
722.089
1386.15
305.507
213.47
235.42
137.822
172.457
66.7978
1041.47
1000.64
166.389
352.558
250.236
896.28
91.253
1310.04
58.9423
180.879
278.307
54.7477
602.048
423.169
794.299
1373.63
477.194
33.4871
946.138
78.23
165.864
344.43
53.3214
339.744
2968.52
937.923
524.085
1186.29
421.416
181.701
306.611
93.4517
331.809
151.391
165.432
428.567
89.7577
640.984
45.2878
412.791
979.109
1296.79
37.7944
2163.11
165.813
108.542
356.288
663.536
300.057
690.126
2466.65
1015.14
165.887
145.686
1001.1
148.202
1655.46
1077.4
122.078
837.701
104.158
33.3009
127.027
1530.52
211.024
166.836
51.9125
226.684
2351.09
96.5087
144.033
145.247
1112.93
439.536
756.837
166.462
55.3502
85.3198
49.4228
366.806
194.577
101.109
978.364
1136.96
161.234
810.307
1722.05
165.392
255.62
59.7317
860.848
165.546
149.051
166.11
2092.25
151.015
153.299
697.039
158.039
1593.94
31.621
21.4157
203.813
77.3826
653.539
276.838
88.4072
184.009
107.206
166.065
1828.28
251.746
1095.94
148.857
785.144
122.047
165.675
62.4486
166.551
73.4786
44.4413
861.585
365.691
228.049
1514.08
119.728
937.678
1553.34
1183.96
228.068
46.8975
182.146
48.577
123.947
166.138
1229.59
166.035
716.868
451.59
61.5633
582.028
243.148
1040.75
760.473
1184.37
1428.37
157.291
165.398
851.172
166.021
140.103
1937.02
786.767
608.256
51.2894
222.852
230
1955.54
126.283
53.2621
30.4195
144.327
310.628
29.3601
166.034
105.646
165.999
112.192
1207.73
428.695
272.376
904.181
4.41881
501.333
904.713
1349.05
1176.1
41.5624
840.943
166.379
216.211
101.881
33.4534
632.13
602.66
165.288
86.0567
200.77
31.6121
67.886
130.693
103.6
176.819
1420.27
150.483
488.218
65.223
124.082
2761.4
104.681
59.6553
683.134
1060.57
79.1465
25.6434
1192.93
794.131
76.4663
819.526
39.0862
1950.01
3085.76
888.946
964.625
633.872
189.095
51.7598
102.361
870.492
688.172
1138.2
2860.83
77.8903
913.756
93.0884
1164.59
124.726
23.4986
80.4103
135.829
265.965
73.5715
155.746
85.2714
2957.52
49.2758
1944.78
1494.61
616.47
314.621
109.665
134.38
104.34
367.258
613.196
102.507
208.491
186.722
350.823
145.178
267.22
79.8209
165.637
817.375
121.168
983.883
148.109
2744.94
219.039
83.231
467.896
399.1
114.907
170.502
743.343
106.44
142.97
664.314
171.862
165.987
300.508
852.538
90.9086
2480.29
28.0791
581.467
118.279
33.4164
132.905
33.3537
104.218
1243.43
61.1577
1207.77
165.958
2967.92
166.353
915.859
440.703
59.3077
1588.45
165.54
594.383
26.4432
113.699
419.962
123.228
33.7125
36.8249
2252.16
137.055
1490.42
99.8628
41.8214
2060.58
42.3623
52.4445
590.371
113.744
74.048
488.592
56.0927
1951.4
1165.93
786.384
247.212
140.209
589.972
816.57
263.471
1403.15
836.065
2401.68
384.316
72.2755
31.39
555.786
1948.82
113.265
2255.5
149.819
142.491
1201.86
767.462
175.788
151.795
2011.16
772.562
848.715
165.892
608.142
166.132
72.3116
165.361
62.7618
333.2
1273.6
372.434
676.646
55.0596
845.455
137.95
2284.41
135.963
66.839
44.3971
704.964
1433.11
2284.3
1469.81
195.087
25.2339
955.459
349.535
163.247
166.078
404.882
2536.12
124.48
179.371
1788.28
945.987
2335.4
33.2932
924.065
79.7565
1190.94
56.5033
359.1
169.665
98.4788
781.018
79.6385
155.611
844.979
221.663
124.474
8.23751
2420.13
201.646
594.686
35.5297
1069.7
222.298
494.865
1045.68
328.72
111.563
922.09
274.687
87.0032
259.215
33.4134
470.602
215.649
944.404
608.573
808.053
166.013
862.006
704.688
165.575
82.0312
1054.53
362.567
214.6
838.555
203.032
33.3974
1800.19
2201.1
1835.79
335.826
115.19
140.339
1778.25
2438.51
291.615
1197.42
1285.27
3116.74
259.51
120.391
665.651
138.024
17.0895
152.09
165.654
937.615
1908.69
1948.67
1338
124.036
49.1329
691.195
154.893
103.895
1068.57
639.33
338.231
38.8316
165.651
327.349
148.837
48.4109
1965.6
1007.08
282.454
863.784
479.27
131.982
81.1848
165.098
2954.94
142.845
1176.51
277.434
165.386
67.0836
76.8807
52.0259
1434.03
47.8037
439.954
486.485
92.2715
1081.72
476.614
41.2657
165.852
110.105
124.86
624.113
129.984
382.711
33.5832
69.4564
781.009
1778.75
209.616
158.504
411.01
105.842
2682.59
166.335
727.38
166.182
53.6637
506.759
975.581
29.9603
1202.56
1900.98
977.19
166.61
233.915
123.146
1188.16
955.129
165.619
68.7839
102.022
221.053
248.547
35.886
140.524
165.737
441.125
740.815
150.969
213.209
311.199
189.362
126.52
1902.12
531.953
2399.27
165.521
41.8531
207.253
1011.42
462.051
908.634
33.8088
166.16
171.039
26.4368
171.554
33.105
165.173
153.249
1488.35
72.6212
1109.65
223.118
1646.86
166.327
98.4871
617.825
1706.17
367.929
165.939
32.9508
813.993
208.625
146.569
653.175
1634.67
651.469
33.2151
103.642
146.06
813.378
130.741
1838.23
166.152
437.034
1168.14
1121.22
197.003
166.155
2561.71
118.899
1348.49
91.7305
120.878
819.535
567.869
183.66
84.6879
557.498
1594.2
167.436
159.598
102.519
718.933
66.4365
1350.19
1764.17
258.927
56.9025
249.211
205.212
1333.48
1449.91
150.399
97.9816
123.936
357.697
2474.44
996.092
1302.39
435.714
874.252
37.7302
864.453
32.1753
165.852
932.599
2270.17
2042.63
96.7876
47.6618
263.803
121.129
13.7287
33.2793
90.8153
599.656
257.44
128.852
165.957
2795.8
593.427
2096.46
64.3702
109.52
2077.71
275.513
944.321
611.099
65.0216
529.99
465.888
386.127
33.617
165.909
102.362
211.004
60.1072
52.435
141.985
275.477
76.12
672.336
70.7635
769.804
376.647
243.79
166.412
172.366
892.676
116.425
2923.78
485.775
255.529
87.4102
376.619
1153.21
3263.03
657.853
165.8
167.785
466.711
166.273
165.885
146.485
526.724
165.74
199.101
1422.14
141.518
166.276
37.7462
1106.33
460.691
74.06
1065.8
166.113
37.0379
1566.07
23.2729
165.773
256.434
341.648
144.639
1366.21
371.303
892.489
1362.81
1580.57
196.769
111.467
370.6
222.933
140.048
281.369
717.156
73.0875
33.2997
238.925
166.061
33.6655
122.493
165.882
1192.99
1589.18
841.711
67.697
1402.55
503.871
86.0766
979.595
105.22
1109.65
33.8427
220.53
1289.71
1788.01
166.534
33.0411
165.859
165.987
43.9488
1190.28
165.801
108.675
166.526
1605.17
1381.93
117.002
1002.11
522.436
834.495
2778.45
117.983
488.951
1117.31
590.295
302.722
154.576
16.0119
187.975
61.3747
1165.73
1002.16
27.6014
444.458
33.2874
124.428
685.487
282.327
2361.34
50.0957
33.4141
2682.87
29.2298
187.38
2040.21
215.091
997.322
257.935
606.426
595.602
301.309
249.03
138.078
919.129
807.048
165.69
227.609
851.966
786.516
33.3615
77.2743
512.605
642.419
492.318
183.733
211.144
1601.51
188.723
752.185
36.71
38.0595
576.415
813.326
166.222
1612.07
130.316
298.231
165.724
1546.8
33.3696
890.936
1813.46
122.135
498.328
2213.28
59.8591
545.183
512.352
1990.31
2415.67
144.923
310.13
2430.38
65.8872
10.9183
195.085
2087.73
1029.02
165.27
890.298
3141.16
57.3986
2636.45
459.673
1867.9
112.378
114.687
84.3726
22.7009
1669.59
1398.09
28.9245
2418.64
268.637
133.758
1064.89
2818.75
665.149
166.286
2010.98
165.67
165.879
541.857
192.768
387.582
165.578
239.241
932.223
2776.2
165.636
101.808
233.346
103.059
768.653
1413.66
165.279
1148.83
120.318
1770.19
180.037
401.493
191.235
33.0112
124.063
81.0529
690.785
65.8084
105.327
151.284
160.908
165.954
843.838
128.765
545.221
124.3
106.553
14.9429
185.731
76.1456
3535.23
166.058
95.4925
447.209
525.247
530.641
189.006
314.467
647.676
631.647
166.087
410.769
105.18
2016.37
62.1604
208.458
1859.97
326.973
327.422
96.4193
1185.33
205.471
281.799
22.4979
35.933
99.5614
50.6554
328.136
1375.04
166.294
95.9819
284.012
654.706
17.1533
440.304
116.001
1172.09
81.2009
701.279
193.612
1652.73
894.715
2189.67
80.0847
156.226
356.172
114.268
1052.64
1038.69
687.78
2594.3
92.2798
548.551
171.027
166.045
460.858
528.778
2028.98
2828.41
30.3237
174.294
179.181
51.0911
1504.53
1432.04
1368.7
408.834
835.637
525.834
61.2257
165.787
2068.2
1747.68
478.665
73.9887
968.272
1232.64
1259.02
2382.67
399.065
112.027
165.668
2804.63
886.556
186.728
1810.51
1181.46
165.686
317.22
1996.55
435.765
155.699
3408.35
355.147
953.047
449.718
166.463
822.308
45.6049
21.4468
655.944
1262.45
1763.74
166.291
165.531
716.579
165.738
35.3192
2941.4
189.985
107.825
97.1198
1013.57
779.122
54.8024
161.339
132.004
365.281
195.044
1022.91
165.425
293.681
83.7676
199.372
834.954
56.877
36.9053
64.1394
407.195
41.0639
62.7692
1017.32
766.437
33.1333
32.927
267.34
44.5217
2140.35
2469.01
186.221
1352.4
1481.91
594.898
101.8
1011.04
162.219
166.249
165.836
741.023
1113.01
101.652
336.829
1253.12
132.951
43.2348
2641.75
156.751
250.542
184.937
81.1619
933.764
96.8396
1914.87
132.651
67.6337
477.852
301.31
81.2587
714.334
272.318
165.728
2305.33
170.952
114.624
1206.64
640.887
98.086
648.699
119.825
30.707
68.2935
568.698
33.2871
511.262
71.1935
1372.89
2087.37
333.963
148.225
761.07
33.5316
357.917
1546.2
181.98
781.282
815.797
1189.06
164.925
198.042
1117.82
1356.52
188.996
1190.49
1841.82
32.675
165.779
2006.94
23.6259
49.4812
900.421
985.449
918.31
573.869
73.1626
165.675
607.779
122.059
120.614
2548.97
165.579
228.472
547.319
1274.61
934.295
198.469
124.843
589.888
729.069
101.544
814.908
458.743
166.287
66.4876
158.953
121.836
166.005
1641.89
134.554
44.2486
257.774
1415.77
1565.67
182.674
2222.47
1221
121.638
1023.41
357.467
270.053
37.8216
1220.02
83.3152
62.9032
33.2637
1360.55
552.26
75.0117
2.64427
39.0668
39.6113
234.605
1091.41
176.645
1097.83
270.909
317.771
450.635
1202.72
10.4756
50.7781
288.546
614.12
166.081
183.695
175.089
78.7862
948.574
520.76
89.6988
1756.54
180.343
7.94415
842.433
1186.5
100.738
417.387
117.388
165.15
894.55
726.117
134.41
1631.11
33.0318
256.191
1165.38
2841.2
126.537
165.943
37.9086
165.585
33.3246
1954.82
1605.84
165.794
826.426
238.667
1189.18
91.841
130.123
785.789
10.2551
488.907
501.484
21.2775
41.5687
57.0064
83.9573
161.87
426.961
112.447
524.482
1835.11
64.221
223.38
49.8505
130.807
147.843
722.449
307.545
2131.34
62.7909
2609.61
1169.69
57.8903
85.0775
413.151
165.758
1530.75
165.512
123.676
72.2419
764.375
1346.21
1529.05
110.372
351.635
370.01
87.8071
162.058
149.533
33.0297
3219.39
166.864
230.607
165.571
31.8958
33.9363
424.296
358.007
1287.54
153.171
1949.64
165.688
618.79
127.53
102.221
925.098
4.81704
33.6932
271.529
583.563
855.528
1161.85
316.629
58.8479
165.957
283.643
2360
94.3267
1124.39
1152.49
338.684
37.5429
165.587
35.1424
1350.1
9.58675
723.76
711.965
101.6
63.5273
32.9443
1078.92
739.999
1524.66
38.0636
135.137
2269.2
165.516
133.929
19.6456
165.773
1564.45
393.317
129.417
166.43
282.185
443.827
949.024
2727.69
955.621
96.0608
806.065
205.465
137.011
86.2649
1716.93
345.862
1687.93
56.8425
403.332
415.766
741.562
269.741
1145.4
912.452
1561.23
165.683
16.3884
61.7421
2506.6
396.001
108.75
2845.65
150.508
317.863
37.8845
34.5058
165.713
549.704
1428.5
53.8411
1081.18
97.2304
1624.07
356.978
32.7444
178.624
166.315
1501.47
33.5774
59.183
165.682
37.4125
165.204
165.891
165.477
163.61
357.554
726.266
31.1167
273.337
86.959
590.255
555.66
410.899
835.86
132.875
150.843
154.945
123.566
135.273
1003.84
165.626
21.0687
588.869
1215.37
3332.48
113.863
564.074
165.835
1401.01
1816.53
60.5914
108.805
103.848
150.167
1615.06
136.934
166.021
490.906
504.873
32.8902
87.4529
183.645
33.5637
166.098
166.666
201.308
1884.02
343.261
165.724
645.275
223.66
2918.6
162.637
161.065
841.713
41.9205
136.903
450.198
1136.94
33.7013
611.898
150.248
52.8395
41.2127
124.624
165.906
994.715
749.529
1250
156.654
247.874
507.948
96.0904
165.572
107.155
212.781
474.932
405.838
483.191
2775.29
166.161
760.663
173.846
119.776
165.87
445.569
820.394
757.921
202.029
29.59
25.7297
178.195
81.5959
633.023
251.421
1723.57
114.752
3095.93
165.966
175.249
1751.25
41.1885
103.754
2156.39
348.352
190.081
2549.08
170.529
2199.69
136.971
186.621
856.801
784.821
800.686
1573.11
1170.35
103.694
33.0408
57.178
168.448
108.016
131.807
166.194
45.2362
248.718
669.761
26.7099
1018.49
166.059
87.4028
231.818
244.392
61.5044
33.3291
213.101
165.142
29.2144
64.8649
177.081
1764.44
23.0942
33.0001
121.441
448.189
62.0699
596.704
451.944
165.627
1546.89
159.046
120.114
237.365
25.8267
18.7091
673.358
165.847
18.7107
165.477
328.595
3374.44
639.89
142.481
103.447
188.813
284.161
476.625
2149.8
437.197
308.747
511.134
166.816
916.38
603.261
662.142
138.296
1086.77
165.672
137.337
621.534
30.8243
46.5116
1314.24
575.734
165.914
165.666
105.411
146.409
106.04
152.207
319.334
1025.29
32.716
3228.13
1605.97
2015.43
230.185
44.9427
3051.5
33.8358
2324.3
67.4851
86.1457
228.134
33.5328
1970.36
384.744
845.356
1106.57
76.2475
72.7573
880.391
53.9987
1841.52
1424.01
55.3292
945.471
479.443
106.122
1776.8
34.4476
145.735
299.564
214.587
2637.94
176.255
165.752
165.865
68.5414
1628.98
1648.81
712.797
455.39
196.428
108.846
219.256
2564.05
33.0315
41.0386
1234.47
273.793
67.7294
166.052
871.407
32.9342
119.757
300.063
1230.48
1045.92
116.98
137.604
895.862
165.675
837.65
1505.79
85.3953
26.3552
445.474
58.7616
373.313
134.726
135.542
67.9245
145.157
33.2558
646.502
30.3083
165.969
806.428
234.155
62.8621
182.239
101.565
1900.9
70.01
2247.96
64.5436
59.9967
204.109
342.161
165.781
415.155
190.202
16.5387
166.029
1847.05
2466.6
940.137
165.773
34.9942
163.414
165.271
166.04
165.505
112.851
1034.97
166.768
194.056
1962.42
32.8108
169.494
136.734
139.042
33.0172
166.546
197.107
669.602
504.741
99.3808
2232.92
107.263
240.992
198.403
90.6012
325.859
351.668
85.917
155.522
1483.34
165.976
33.5225
190.506
90.9624
278.771
50.171
1780.24
717.107
166.313
165.829
91.6838
33.0616
1884.7
1738.95
1194.2
480.089
1182.29
101.316
455.335
363.089
936.838
1358.58
1165.67
110.722
2921.79
139.687
165.617
182.044
1775.02
871.528
17.8374
1827.14
2449.72
40.0097
1597.08
273.629
530.286
2624.66
60.5987
89.8532
717.347
66.6164
1433.8
110.45
48.8879
66.535
649.443
271.432
453.304
486.499
616.729
52.914
242.867
8.65131
351.878
2041.91
1360.03
709.364
107.3
52.6114
569.852
635.538
1457.36
30.9142
340.22
735.538
2689.1
134.726
67.976
1513.87
410.577
132.329
471.665
165.681
532.941
32.9138
456.943
165.978
288.945
165.611
138.761
405.803
46.8775
165.706
282.624
166.42
461.705
68.0902
1078.02
950.324
145.707
2848.15
88.1793
70.9729
195.969
1411.2
761.532
327.446
20.8014
165.974
207.106
119.64
199.317
71.7686
59.693
26.9725
2250.05
104.358
182.841
165.695
2396.68
166.01
1511.74
99.0578
71.5744
166.353
1907.44
147.514
233.576
165.848
166.601
678.626
165.854
165.971
165.816
166.398
227.045
502.078
1607.17
99.8791
171.41
648.083
162.794
240.533
1145.81
165.488
46.4252
165.762
244.199
16.8566
1609.29
54.7437
158.95
251.795
86.0746
1021.89
1550.36
633.029
1000.62
69.6748
754.553
33.3202
70.9477
3097.33
436.56
165.625
211.48
138.697
62.8563
1567.03
481.03
285.931
122.394
279.415
597.167
214.024
712.198
33.5683
1189.41
1603.35
32.9482
88.9953
669.157
32.979
124.013
102.675
166.277
1011.46
166.582
158.814
170.343
1615.86
1683.72
947.345
373.243
3238.95
574.148
7.51197
125.695
231.628
112.47
160.018
301.893
647.819
973.2
103.511
36.0204
2798.2
105.891
170.32
154.905
360.9
97.9544
163.195
468.151
1277.51
33.6441
605.187
1013.39
166.319
84.4914
131.535
104.709
104.939
165.185
124.471
166.1
962.525
1514.66
11.4246
868.883
588.906
982.855
33.4057
176.519
165.739
1271.32
140.554
11.8939
774.174
166.147
607.179
1222.1
45.0708
293.407
813.484
526.753
201.965
1366.47
112.225
16.8015
165.574
307.64
87.0977
126.457
702.926
165.381
1436.14
1048.28
468.92
207.931
2490.49
303.183
56.0652
1217.08
638.778
165.593
195.525
1125.36
1436.68
304.82
370.058
448.639
32.6412
391.204
2918.79
37.25
220.805
651.858
120.856
1750.14
1076.76
73.9932
88.3
166.202
1265.82
66.0565
1631.12
1429.99
148.199
2232.54
1652.87
165.908
165.693
166.602
1937.84
164.97
121.763
385.212
81.5881
1544.03
1051.71
298.295
165.71
1687.73
70.0045
503.888
971.785
34.6313
109.628
99.5514
531.484
593.954
20.9561
555.803
445.38
364.106
1350.67
2147.09
679.056
30.3926
165.35
166.087
347.557
828.051
173.156
110.929
39.9821
134.408
157.172
915.837
237.522
817.586
337.849
56.1579
165.325
1454.95
289.207
382.726
247.283
2151.15
33.5768
165.829
416.376
945.499
99.7639
44.5152
715.797
425.722
153.866
3209.82
32.8537
253.346
115.308
259.663
28.0817
31.0462
875.248
817.527
21.4955
66.5786
18.8681
200.412
1371.15
33.6264
312.63
28.8076
166.154
882.288
1817.22
71.4435
205.815
95.486
423.739
331.316
350.258
1249.06
62.4179
818.237
33.2507
94.3804
1073.38
79.1478
597.869
1980.04
282.973
754.216
319.972
951.752
1966.65
2028.02
2841.54
165.26
562.865
165.801
166.049
1101.55
1646.01
83.5427
106.244
797.755
13.7158
214.963
811.052
1544.67
22.8329
650.555
268.336
54.4456
642.399
420.546
146.845
66.8831
184.097
165.764
519.16
2630.77
86.9925
227.873
165.433
217.183
591.793
102.711
258.441
166.118
93.263
717.12
741.809
74.0408
436.954
170.998
89.0328
153.633
140.665
716.633
945.174
90.2248
1665.57
58.8372
101.381
852.615
119.736
199.671
72.274
477.356
1021.39
814.953
738.376
708.739
2409.69
92.464
316.288
50.3927
53.6911
166.508
2860.64
71.4277
727.286
2348.15
597.265
17.146
1031.73
356.123
925.491
600.333
1545.1
496.154
2631.91
117.254
165.716
32.5146
1773.81
122.416
118.297
180.914
1213.66
1347.64
2770.58
755.571
626.689
3118.08
213.144
113.022
1176.35
2621.1
708.936
1038.34
1005.49
165.518
224.564
185.859
21.2648
549.754
1769.57
2274.06
128.045
166.138
997.294
131.002
3228.73
165.68
78.9514
2897.5
165.988
187.984
953.692
1006.53
1398.61
127.335
815.252
1447.37
88.0611
2389.33
166.064
981.834
728.181
417.291
156.415
698.448
156.072
1234.09
525.14
249.176
1214.73
14.1663
1547.16
157.351
33.2578
294.927
2090.37
713.845
101.512
83.2856
304.473
2194.18
349.119
134.856
78.4545
165.795
1821.56
285.053
165.594
1895.13
165.811
136.598
387.667
711.064
68.2529
115.44
897.867
192.267
1393.57
169.39
234.292
107.747
676.151
282.596
56.35
165.819
293.169
13.332
224.352
425.805
329.832
1145
231.809
34.1699
2528.49
164.76
1274.91
789.746
120.927
2965.28
1049.11
112.877
714.079
165.599
2286.13
165.538
631.734
101.224
1588.48
1804.38
121.27
121.344
191.734
1681.25
535.817
185.685
121.574
118.261
762.813
55.1176
37.7583
289.456
33.6929
897.754
1539.46
566.412
166.622
848.544
601.692
220.242
398.815
1749.46
569.022
1017.71
215.622
165.932
89.3731
24.7913
3288.83
1572.87
1114.44
318.397
82.8802
164.185
350.762
545.131
1733.1
282.754
44.9901
155.393
605.901
123.903
1059.91
246.296
1378.71
32.7235
166.37
131.77
114.328
166.117
1584.37
190.829
166.612
33.3003
121.115
33.5099
79.0531
1372.25
165.967
683.218
166.25
165.591
318.727
147.863
1068.41
452.69
668.546
165.911
53.2589
280.841
75.7689
166.406
1066.47
282.02
166.015
3053.02
728.39
1076.8
798.928
214.132
50.4094
790.475
489.232
625.904
846.814
633.992
2241.48
627.834
1522.59
286.419
150.749
282.865
1110.13
113.79
412.312
1387.07
224.425
1192.95
40.2698
46.9587
1494.48
306.139
295.646
26.783
146.066
1008.63
161.839
202.127
363.301
1443.67
165.507
108.02
946.149
133.076
51.2214
280.457
73.7939
1820.35
165.872
158.715
40.3848
79.7201
2217.56
239.651
554.602
1370.52
300.211
793.296
256.819
165.694
207.606
1101.27
105.875
113.927
349.921
165.861
165.975
165.929
33.1547
1208.24
378.697
901.805
255.106
534.47
312.367
55.9531
674.096
1431.81
170.62
2347.86
18.4722
914.03
113.481
165.245
33.8307
32.9671
2161.65
888.004
508.359
341.789
60.4457
37.4603
620.395
908.74
410.136
1265.71
2170.68
1087.66
882.58
398.851
398.178
1801.83
166.219
206.511
33.4545
446.098
65.5681
101.988
124.446
1298.51
99.9358
43.3117
207.086
165.29
461.715
137.167
522.051
645.302
547.48
248.683
505.171
51.0762
197.474
231.902
767.379
1645.81
149.632
349.219
53.2324
173.057
113.382
166.043
38.2177
1100.55
81.6276
1140.96
911.178
1206.91
499.396
2411
64.007
230.052
1175.68
872.754
124.725
415.127
123.427
895.399
729.557
216.998
40.8136
52.592
54.5851
775.129
679.372
33.331
690.426
123.701
85.5478
102.723
302.731
495.995
1497.66
1953.28
71.4602
198.656
165.9
165.558
93.9387
835.017
35.9189
564.513
165.813
261.17
1087.06
915.198
33.0311
329.286
11.49
379.41
17.7916
166.148
92.932
698.385
165.936
120.441
2347.69
146.105
117.361
104.784
771.173
249.566
239.245
42.3747
20.2742
2236.88
86.9017
364.277
45.1101
107.485
110.038
1735.17
3338.93
42.1843
237.649
1396.27
41.4403
266.953
824.68
496.253
205.107
216.552
691.529
481.897
404.633
1182.21
28.6633
2078.81
138.985
34.4556
166.125
96.1393
302.656
107.056
45.3336
48.85
149.076
201.614
18.9404
79.8131
179.653
165.923
104.189
666.65
652.794
72.3502
1037
23.6791
313.311
165.436
842.939
58.227
37.5388
533.184
507.007
178.273
555.286
943.378
888.349
116.212
249.744
1243.01
150.34
166.136
292.077
1578.54
1031.22
1562.3
44.9884
101.312
147.363
13.1272
18.651
1687.18
180.307
166.413
165.449
1453.02
32.7979
111.382
43.1458
28.2623
13.2775
333.726
395.828
2842.04
233.912
118.97
224.134
123.342
1176.7
403.953
186.586
166.123
33.2043
130.425
16.2512
518.189
220.631
165.415
239.7
165.521
320.761
94.6693
647.137
61.3993
626.275
615.762
67.3036
999.503
351.966
176.984
651.864
245.554
1169.23
113.735
102.336
889.829
121.317
89.7748
77.35
199.368
357.154
86.4636
633.707
289.329
165.939
1255.11
84.518
33.1906
521.159
786.831
165.937
262.152
1356.53
1518
814.659
104.678
142.349
623.961
157.109
2128.67
26.2803
613.914
166.052
114.355
165.845
2601.76
562.152
103.948
108.358
172.075
165.964
128.801
165.239
1447.92
1449.5
130.42
32.8905
173.296
46.6281
1204.26
115.374
59.243
135.682
267.343
646.577
742.674
158.283
202.595
421.651
1581.25
174.619
160.746
166.153
27.8795
470.608
32.8665
131.44
90.1723
178.824
1583.31
96.2056
311.905
110.162
325.83
132.633
788.727
1314.97
396.759
666.625
23.3606
69.3794
126.153
911.134
165.797
2216.79
91.6059
177.665
129.803
135.045
68.1549
33.3269
1353.65
834.614
2673.65
33.374
1280.07
1277.92
50.4988
90.8823
979.086
1059.11
33.5153
41.5244
2582.02
255.895
2574.99
311.62
31.746
76.0694
1612.93
330.467
1527.85
1721.72
156.58
167.356
400.76
166.029
373.322
1015.87
590.398
621.339
320.912
265.114
2862.65
637.051
379.808
196.644
247.517
119.524
2116.81
375.735
82.7609
724.032
2482.74
165.648
144.493
72.1306
214.329
36.8545
2475.53
73.4398
406.153
191.408
188.505
1071.09
165.761
165.621
149.027
124.463
406.634
166
820.205
63.0361
48.7107
421.227
95.7336
206.929
597.718
92.2913
926.579
1448.24
204.054
73.6425
33.4277
3221.15
159.451
669.192
137.632
72.9029
47.7874
133.989
51.7143
233.421
1063.63
49.7522
287.549
1690.01
425.59
120.705
165.899
82.5179
165.711
1630.66
35.8572
2079.51
296.565
102.109
186.025
100.257
1506.97
2080.79
166.152
1873.17
184.972
1500.21
964.094
238.481
165.888
62.219
29.8654
153.293
346.256
132.18
165.379
166.335
80.0409
273.344
347.703
2120.25
165.793
37.6933
166.29
60.1586
190.488
785.335
99.5866
154.966
142.047
1280.7
621.743
113.269
182.623
32.4239
839.664
3140.15
682.797
1063.36
37.8907
148.982
456.57
150.162
464.391
1732.52
288.64
70.8173
417.356
165.844
282.639
166.052
161.063
196.766
77.1083
841.628
160.982
525.016
680.226
1040.45
244.911
1280.88
238.542
230.326
810.805
165.204
192.303
165.761
22.4819
166.114
1567.65
114.548
928.703
1419.26
165.414
92.6057
996.578
750.627
61.3253
30.1286
94.8474
166.041
1322.13
165.985
502.497
868.934
446.361
1892.43
378.994
819.43
166.007
424.524
31.2107
146.347
195.084
1635.62
295.972
64.1772
371.05
390.737
32.8843
835.105
113.589
45.3397
885.319
1772.38
106.567
726.17
165.967
105.409
166.266
166.087
165.829
38.3364
334.064
160.271
22.0862
202.474
165.452
910.568
1457.3
690.191
232.494
186.309
2657.36
1503.09
1877.06
444.841
165.964
1623.74
1321.8
94.5505
1645.58
33.5779
447.564
23.5405
1064.73
42.1106
1283.95
1264.08
241.025
980.586
1003.46
833.673
1451.11
70.1232
165.959
286.491
1173.26
51.2197
240.401
800.693
288.573
87.5788
870.413
106.25
3204.31
280.298
112.631
56.2439
1296.69
863.37
62.3185
108.894
40.2698
165.461
1108.99
1030.37
210.333
64.0159
188.248
593.533
88.9858
186.033
942.426
84.9594
556.889
165.936
36.5471
201.879
55.9867
1618.45
2081.43
185.09
105.721
2641.96
78.5259
166.061
165.229
46.7463
268.135
47.4931
221.497
563.28
147.166
1464.96
1998.58
986.311
1467.89
49.855
580.127
202.53
178.998
116.044
545.41
101.572
96.5299
669.1
191.898
113.445
134.4
982.854
91.2759
2736.42
323.037
160.227
685.701
416.428
3428.3
1577.32
196.852
37.7207
716.82
1350.63
112.609
134.23
782.611
393.919
153.99
190.354
33.265
165.754
166.006
89.5502
117.996
1540.29
3564.16
166.001
230.112
41.4859
62.0617
127.563
256.232
394.414
1636.86
2208.25
173.547
85.4342
350.198
3536.47
33.4412
165.916
791.45
83.5492
2292.18
681.837
878.337
29.3986
186.646
211.312
1178.32
165.796
1028.31
380.719
1712.51
69.9635
1053.57
1179.12
804.636
559.336
1052.39
144.004
178.471
1221.75
884.854
305.452
33.2961
295.306
143.529
165.99
215.327
514.049
1734.15
2191.77
166.302
37.9213
900.727
2244.91
115.014
1282.02
626.244
124.261
573.335
166.622
43.4199
165.587
1887.8
197.915
590.927
928.18
671.043
1395.19
166.04
22.9074
214.498
165.514
182.86
2043.83
36.4466
70.6061
96.5259
921.86
79.4096
1018.32
28.0385
2269
165.767
3076.75
117.092
98.2836
255.784
1303.91
166.155
19.8965
165.814
255.341
136.367
164.747
1144.11
756.279
2194.52
165.964
509.312
56.6733
1756.46
398.643
104.405
204.163
197.505
166.219
33.2059
65.2859
113.362
191.941
37.0074
100.126
277.878
53.4158
68.5124
38.1289
162.639
758.4
2500.55
103.854
1525.9
1812.52
379.125
250.402
512.112
47.417
674.248
800.334
307.89
872.92
18.3365
142.458
132.812
42.9625
523.253
344.032
247.403
727.032
85.3067
165.65
2609.26
1009.73
301.833
1001.48
2856.82
19.85
179.401
149.904
2733.76
957.943
119.072
72.3459
12.8369
916.971
8.58753
163.866
679.443
138.134
887.611
1907.98
110.014
227.724
2866.82
1516.43
503.431
134.567
619.301
902.465
1581.41
318.407
497.537
101.889
1450.5
604.221
1908.64
78.6678
1486.59
328.363
923.411
19.532
127.463
720.778
34.0411
399.676
38.1873
76.7698
165.805
73.1506
2059.1
47.3867
370.77
1455.98
369.325
32.6508
165.665
132.294
374.076
103.56
240.802
194.283
127.559
165.784
78.5572
109.813
2554.49
80.3931
165.556
2571.85
129.851
634.732
549.219
246.294
750.31
